a=[1 0 0;0 0 -1;0 1 0]
x=[129.02 512.51 -73.44]
su=a*x'

b=0.313+0.419+0.512+0.535+0.225+0.687+0.578+0.541



% b=0.869+1.006+0.462+ 0.860+ 0.752 +0.156+ 0.819 +0.937
c=b/9